1000 1
1000 10
1000 100
1000 1000
1000 150
1000 200
1000 300
1000 350
1000 450
1000 490
1000 50
1000 600
1000 700
1000 75
100 100
100 300
1050 1
1050 500
1050 900
1150 1
1250 10
1250 100
1250 1000
1250 150
1250 200
1250 300
1250 350
1250 450
1250 50
1250 500
1250 600
1250 700
1250 75
1350 1
1350 200
1350 50
1350 500
1350 700
1350 900
1500 1
1500 10
1500 100
1500 1000
1500 150
1500 200
1500 300
1500 350
1500 600
1550 1
1550 500
1550 700
1550 900
1750 1
1750 1000
1750 300
1750 500
1850 1
1850 200
2000 1
2000 300
2000 500
2050 700
2250 1
2250 1000
2250 300
2250 500
2350 1
2500 1
2500 1000
2500 300
2500 600
2500 700
300 1
300 100
300 300
375 1
375 200
375 50
375 500
375 700
375 900
475 1
475 200
475 50
475 500
475 700
475 900
500 1
500 200
500 300
500 500
600 1
675 1
675 200
675 50
675 500
675 700
675 900
750 1
750 300
750 600
775 1
775 50
775 900
850 1
875 700
875 900
